240 240 240 240 240 240 240 240 240 240 240 240 240 240 240 240
240 240 240 240 240 240 240   0   0   9   1 240 169  10 240 240
240 240 240 240 240 240 240   0   0   0  55  35 105   0 240 240
240 240 240 240 240 240 240   0  38 240 235  37  12 209 240 240
240 240 240 240 240 240 240 240  49   0 223  64 110  80 240 240
240 240 240 240 240 240 240 239  26 226  59 247 169 196 240 240
240 240 240 240 240 240 240   0 149   0 183  38 143  69 240 240
240 240 240 240 240 240 240   0   0 117 202   0 229 147 240 240
240 240 240 240 240 240 240 240 240 240 240 240 240 240 240 240
240 240 240 240 240 240 240 240 240 240 240 240 240 240 240 240
240 240 240 240 240 240 240 240 240 240 240 240 240 240 240 240
240  21  21  21 240  21  21 240  21  21  21 240  21  21 240 240
240  21 240  21 240 240  21 240  21 240  21 240 240 240  21 240
240  21  31 154 240 222  26 240  21 240  21 240 240  21 240 240
240  21 240  21 240  21  21 208  21  21 239 240  21  21  21 240
240 240 240 240 240 240 240 240 240 240 240 240 240 240 240 240
240 240 240 240 240 240 240 240 240 240 240 240 240 240 240 240
240 240 240 240 240 240 240   0   0   9   1 240 169  10 240 240
240 240 240 240 240 240 240   0   0   0  55  35 105   0 240 240
240 240 240 240 240 240 240   0  38 240 235  37  12 209 240 240
240 240 240 240 240 240 240 240  49   0 223  64 110  80 240 240
240 240 240 240 240 240 240 239  26 226  59 247 169 196 240 240
240 240 240 240 240 240 240   0 149   0 183  38 143  69 240 240
240 240 240 240 240 240 240   0   0 117 202   0 229 147 240 240
240 240 240 240 240 240 240 240 240 240 240 240 240 240 240 240
240 240 240 240 240 240 240 240 240 240 240 240 240 240 240 240
240 240 240 240 240 240 240 240 240 240 240 240 240 240 240 240
240  21  21  21 240  21  21 240  21  21  21 240  21  21 240 240
240  21 240  21 240 240  21 240  21 240  21 240 240 240  21 240
240  21  31 154 240 222  26 240  21 240  21 240 240  21 240 240
240  21 240  21 240  21  21 208  21  21 239 240  21  21  21 240
240 240 240 240 240 240 240 240 240 240 240 240 240 240 240 240
240 240 240 240 240 240 240 240 240 240 240 240 240 240 240 240
240 240 240 240 240 240 240   0   0   9   1 240 169  10 240 240
240 240 240 240 240 240 240   0   0   0  55  35 105   0 240 240
240 240 240 240 240 240 240   0  38 240 235  37  12 209 240 240
240 240 240 240 240 240 240 240  49   0 223  64 110  80 240 240
240 240 240 240 240 240 240 239  26 226  59 247 169 196 240 240
240 240 240 240 240 240 240   0 149   0 183  38 143  69 240 240
240 240 240 240 240 240 240   0   0 117 202   0 229 147 240 240
240 240 240 240 240 240 240 240 240 240 240 240 240 240 240 240
240 240 240 240 240 240 240 240 240 240 240 240 240 240 240 240
240 240 240 240 240 240 240 240 240 240 240 240 240 240 240 240
240  21  21  21 240  21  21 240  21  21  21 240  21  21 240 240
240  21 240  21 240 240  21 240  21 240  21 240 240 240  21 240
240  21  31 154 240 222  26 240  21 240  21 240 240  21 240 240
240  21 240  21 240  21  21 208  21  21 239 240  21  21  21 240
240 240 240 240 240 240 240 240 240 240 240 240 240 240 240 240

240 240 240 240 240 240 240 240 240 240 240 240 240 240 240 240
240 240 240 240 240 240 240 240 240 240 240 240  21 240  21 240
240  10   0 209  80 196  69 147 240 240 240  21 240  21  21 240
240 169 105  12 110 169 143 229 240 240 240  21 240 240  21 240
240 240  35  37  64 247  38   0 240 240 240 240 240 240 240 240
240   1  55 235 223  59 183 202 240 240 240  21  21  21 239 240
240   9   0 240   0 226   0 117 240 240 240  21 240 240  21 240
240   0   0  38  49  26 149   0 240 240 240  21  21  21  21 240
240   0   0   0 240 239   0   0 240 240 240 240 240 240 208 240
240 240 240 240 240 240 240 240 240 240 240  21  21  26  21 240
240 240 240 240 240 240 240 240 240 240 240  21 240 222  21 240
240 240 240 240 240 240 240 240 240 240 240 240 240 240 240 240
240 240 240 240 240 240 240 240 240 240 240  21  21 154  21 240
240 240 240 240 240 240 240 240 240 240 240  21 240  31 240 240
240 240 240 240 240 240 240 240 240 240 240  21  21  21  21 240
240 240 240 240 240 240 240 240 240 240 240 240 240 240 240 240
240 240 240 240 240 240 240 240 240 240 240 240 240 240 240 240
240 240 240 240 240 240 240 240 240 240 240 240  21 240  21 240
240  10   0 209  80 196  69 147 240 240 240  21 240  21  21 240
240 169 105  12 110 169 143 229 240 240 240  21 240 240  21 240
240 240  35  37  64 247  38   0 240 240 240 240 240 240 240 240
240   1  55 235 223  59 183 202 240 240 240  21  21  21 239 240
240   9   0 240   0 226   0 117 240 240 240  21 240 240  21 240
240   0   0  38  49  26 149   0 240 240 240  21  21  21  21 240
240   0   0   0 240 239   0   0 240 240 240 240 240 240 208 240
240 240 240 240 240 240 240 240 240 240 240  21  21  26  21 240
240 240 240 240 240 240 240 240 240 240 240  21 240 222  21 240
240 240 240 240 240 240 240 240 240 240 240 240 240 240 240 240
240 240 240 240 240 240 240 240 240 240 240  21  21 154  21 240
240 240 240 240 240 240 240 240 240 240 240  21 240  31 240 240
240 240 240 240 240 240 240 240 240 240 240  21  21  21  21 240
240 240 240 240 240 240 240 240 240 240 240 240 240 240 240 240
240 240 240 240 240 240 240 240 240 240 240 240 240 240 240 240
240 240 240 240 240 240 240 240 240 240 240 240  21 240  21 240
240  10   0 209  80 196  69 147 240 240 240  21 240  21  21 240
240 169 105  12 110 169 143 229 240 240 240  21 240 240  21 240
240 240  35  37  64 247  38   0 240 240 240 240 240 240 240 240
240   1  55 235 223  59 183 202 240 240 240  21  21  21 239 240
240   9   0 240   0 226   0 117 240 240 240  21 240 240  21 240
240   0   0  38  49  26 149   0 240 240 240  21  21  21  21 240
240   0   0   0 240 239   0   0 240 240 240 240 240 240 208 240
240 240 240 240 240 240 240 240 240 240 240  21  21  26  21 240
240 240 240 240 240 240 240 240 240 240 240  21 240 222  21 240
240 240 240 240 240 240 240 240 240 240 240 240 240 240 240 240
240 240 240 240 240 240 240 240 240 240 240  21  21 154  21 240
240 240 240 240 240 240 240 240 240 240 240  21 240  31 240 240
240 240 240 240 240 240 240 240 240 240 240  21  21  21  21 240
240 240 240 240 240 240 240 240 240 240 240 240 240 240 240 240

240 240 240 240 240 240 240 240 240 240 240 240 240 240 240 240
240  21  21  21 240 239  21  21 208  21  21 240  21 240  21 240
240 240  21 240 240  21 240  21 240  26 222 240 154  31  21 240
240  21 240 240 240  21 240  21 240  21 240 240  21 240  21 240
240 240  21  21 240  21  21  21 240  21  21 240  21  21  21 240
240 240 240 240 240 240 240 240 240 240 240 240 240 240 240 240
240 240 240 240 240 240 240 240 240 240 240 240 240 240 240 240
240 240 240 240 240 240 240 240 240 240 240 240 240 240 240 240
240 240 147 229   0 202 117   0   0 240 240 240 240 240 240 240
240 240  69 143  38 183   0 149   0 240 240 240 240 240 240 240
240 240 196 169 247  59 226  26 239 240 240 240 240 240 240 240
240 240  80 110  64 223   0  49 240 240 240 240 240 240 240 240
240 240 209  12  37 235 240  38   0 240 240 240 240 240 240 240
240 240   0 105  35  55   0   0   0 240 240 240 240 240 240 240
240 240  10 169 240   1   9   0   0 240 240 240 240 240 240 240
240 240 240 240 240 240 240 240 240 240 240 240 240 240 240 240
240 240 240 240 240 240 240 240 240 240 240 240 240 240 240 240
240  21  21  21 240 239  21  21 208  21  21 240  21 240  21 240
240 240  21 240 240  21 240  21 240  26 222 240 154  31  21 240
240  21 240 240 240  21 240  21 240  21 240 240  21 240  21 240
240 240  21  21 240  21  21  21 240  21  21 240  21  21  21 240
240 240 240 240 240 240 240 240 240 240 240 240 240 240 240 240
240 240 240 240 240 240 240 240 240 240 240 240 240 240 240 240
240 240 240 240 240 240 240 240 240 240 240 240 240 240 240 240
240 240 147 229   0 202 117   0   0 240 240 240 240 240 240 240
240 240  69 143  38 183   0 149   0 240 240 240 240 240 240 240
240 240 196 169 247  59 226  26 239 240 240 240 240 240 240 240
240 240  80 110  64 223   0  49 240 240 240 240 240 240 240 240
240 240 209  12  37 235 240  38   0 240 240 240 240 240 240 240
240 240   0 105  35  55   0   0   0 240 240 240 240 240 240 240
240 240  10 169 240   1   9   0   0 240 240 240 240 240 240 240
240 240 240 240 240 240 240 240 240 240 240 240 240 240 240 240
240 240 240 240 240 240 240 240 240 240 240 240 240 240 240 240
240  21  21  21 240 239  21  21 208  21  21 240  21 240  21 240
240 240  21 240 240  21 240  21 240  26 222 240 154  31  21 240
240  21 240 240 240  21 240  21 240  21 240 240  21 240  21 240
240 240  21  21 240  21  21  21 240  21  21 240  21  21  21 240
240 240 240 240 240 240 240 240 240 240 240 240 240 240 240 240
240 240 240 240 240 240 240 240 240 240 240 240 240 240 240 240
240 240 240 240 240 240 240 240 240 240 240 240 240 240 240 240
240 240 147 229   0 202 117   0   0 240 240 240 240 240 240 240
240 240  69 143  38 183   0 149   0 240 240 240 240 240 240 240
240 240 196 169 247  59 226  26 239 240 240 240 240 240 240 240
240 240  80 110  64 223   0  49 240 240 240 240 240 240 240 240
240 240 209  12  37 235 240  38   0 240 240 240 240 240 240 240
240 240   0 105  35  55   0   0   0 240 240 240 240 240 240 240
240 240  10 169 240   1   9   0   0 240 240 240 240 240 240 240
240 240 240 240 240 240 240 240 240 240 240 240 240 240 240 240

240 240 240 240 240 240 240 240 240 240 240 240 240 240 240 240
240  21  21  21  21 240 240 240 240 240 240 240 240 240 240 240
240 240  31 240  21 240 240 240 240 240 240 240 240 240 240 240
240  21 154  21  21 240 240 240 240 240 240 240 240 240 240 240
240 240 240 240 240 240 240 240 240 240 240 240 240 240 240 240
240  21 222 240  21 240 240 240 240 240 240 240 240 240 240 240
240  21  26  21  21 240 240 240 240 240 240 240 240 240 240 240
240 208 240 240 240 240 240 240   0   0 239 240   0   0   0 240
240  21  21  21  21 240 240 240   0 149  26  49  38   0   0 240
240  21 240 240  21 240 240 240 117   0 226   0 240   0   9 240
240 239  21  21  21 240 240 240 202 183  59 223 235  55   1 240
240 240 240 240 240 240 240 240   0  38 247  64  37  35 240 240
240  21 240 240  21 240 240 240 229 143 169 110  12 105 169 240
240  21  21 240  21 240 240 240 147  69 196  80 209   0  10 240
240  21 240  21 240 240 240 240 240 240 240 240 240 240 240 240
240 240 240 240 240 240 240 240 240 240 240 240 240 240 240 240
240 240 240 240 240 240 240 240 240 240 240 240 240 240 240 240
240  21  21  21  21 240 240 240 240 240 240 240 240 240 240 240
240 240  31 240  21 240 240 240 240 240 240 240 240 240 240 240
240  21 154  21  21 240 240 240 240 240 240 240 240 240 240 240
240 240 240 240 240 240 240 240 240 240 240 240 240 240 240 240
240  21 222 240  21 240 240 240 240 240 240 240 240 240 240 240
240  21  26  21  21 240 240 240 240 240 240 240 240 240 240 240
240 208 240 240 240 240 240 240   0   0 239 240   0   0   0 240
240  21  21  21  21 240 240 240   0 149  26  49  38   0   0 240
240  21 240 240  21 240 240 240 117   0 226   0 240   0   9 240
240 239  21  21  21 240 240 240 202 183  59 223 235  55   1 240
240 240 240 240 240 240 240 240   0  38 247  64  37  35 240 240
240  21 240 240  21 240 240 240 229 143 169 110  12 105 169 240
240  21  21 240  21 240 240 240 147  69 196  80 209   0  10 240
240  21 240  21 240 240 240 240 240 240 240 240 240 240 240 240
240 240 240 240 240 240 240 240 240 240 240 240 240 240 240 240
240 240 240 240 240 240 240 240 240 240 240 240 240 240 240 240
240  21  21  21  21 240 240 240 240 240 240 240 240 240 240 240
240 240  31 240  21 240 240 240 240 240 240 240 240 240 240 240
240  21 154  21  21 240 240 240 240 240 240 240 240 240 240 240
240 240 240 240 240 240 240 240 240 240 240 240 240 240 240 240
240  21 222 240  21 240 240 240 240 240 240 240 240 240 240 240
240  21  26  21  21 240 240 240 240 240 240 240 240 240 240 240
240 208 240 240 240 240 240 240   0   0 239 240   0   0   0 240
240  21  21  21  21 240 240 240   0 149  26  49  38   0   0 240
240  21 240 240  21 240 240 240 117   0 226   0 240   0   9 240
240 239  21  21  21 240 240 240 202 183  59 223 235  55   1 240
240 240 240 240 240 240 240 240   0  38 247  64  37  35 240 240
240  21 240 240  21 240 240 240 229 143 169 110  12 105 169 240
240  21  21 240  21 240 240 240 147  69 196  80 209   0  10 240
240  21 240  21 240 240 240 240 240 240 240 240 240 240 240 240
240 240 240 240 240 240 240 240 240 240 240 240 240 240 240 240
